-80.982858
43.3678031
-80.9824407
43.3683088
-80.9814661
43.367868
-80.9819191
43.3673919
-80.982858
43.3678031
0
0
-80.566545
43.4699297
-80.5658609
43.4705263
-80.5652729
43.4710394
-80.5659255
43.4713923
-80.5664225
43.4716609
-80.5675515
43.4706897
-80.5677263
43.4705395
-80.5673397
43.4703575
-80.5669243
43.4701255
-80.566545
43.4699297
0
0
-80.5660834
43.4678472
-80.5659278
43.4678807
-80.5632566
43.4688393
-80.5613308
43.4695304
-80.5611657
43.4695898
-80.5585972
43.4705094
-80.558618
43.4706164
-80.5597257
43.4713574
-80.5606059
43.471955
-80.5612921
43.4724062
-80.5617449
43.4727321
-80.5620787
43.4730341
-80.5622227
43.4731856
-80.5622882
43.4732447
-80.5624793
43.473499
-80.5627005
43.4738701
-80.5627704
43.474042
-80.5628029
43.4741001
-80.5628577
43.4742541
-80.5629374
43.4746288
-80.5629668
43.4749571
-80.5629586
43.4752921
-80.5628808
43.4758207
-80.562867
43.4761574
-80.5628987
43.4763053
-80.5628623
43.4766067
-80.5626868
43.4768655
-80.5625513
43.4770622
-80.5625081
43.4774468
-80.5623233
43.4784976
-80.5624034
43.4790833
-80.5626807
43.4796154
-80.5637775
43.48131
-80.5646032
43.4824636
-80.5652749
43.483246
-80.5653673
43.4832818
-80.5655399
43.4832281
-80.5670188
43.4826871
-80.5682512
43.4820925
-80.568966
43.4816364
-80.5695576
43.4807779
-80.5703217
43.4796333
-80.571172
43.4782963
-80.5716132
43.4776424
-80.5720679
43.4768855
-80.5722594
43.476423
-80.5723038
43.4760536
-80.572152
43.4750861
-80.5720921
43.4747639
-80.5720921
43.4746555
-80.5719707
43.4738997
-80.5718306
43.4735608
-80.5716624
43.4732762
-80.5714336
43.4730389
-80.571257
43.4728387
-80.5693258
43.4711492
-80.5684568
43.4703472
-80.5680582
43.4699006
-80.5678588
43.4696814
-80.5667953
43.4685122
-80.5663193
43.4679548
-80.5662404
43.4678934
-80.5660834
43.4678472
0
0
-80.5466804
43.4668113
-80.5461969
43.4664353
-80.5457842
43.4661826
-80.5451155
43.4658767
-80.5441083
43.4654071
-80.5437575
43.4652435
-80.5432621
43.4650189
-80.5426503
43.4647416
-80.5417009
43.4644509
-80.5415117
43.4644919
-80.5414666
43.4645769
-80.5409954
43.4654651
-80.5403461
43.4666891
-80.5399571
43.4666272
-80.5387576
43.4664848
-80.537256
43.4670927
-80.5366569
43.4679279
-80.5364209
43.4681537
-80.5362709
43.4681786
-80.5360832
43.4682448
-80.5359435
43.4683522
-80.5355787
43.4687221
-80.5353265
43.4689596
-80.5350882
43.4690978
-80.5348011
43.46929
-80.5339642
43.4697727
-80.5323951
43.4706895
-80.5334337
43.4716914
-80.5347597
43.4711856
-80.5355145
43.4722215
-80.5359592
43.4720584
-80.5364179
43.4718871
-80.5367644
43.4717426
-80.536949
43.4716477
-80.537148
43.4715227
-80.5373706
43.4713553
-80.5375476
43.4712015
-80.5376764
43.4710652
-80.5377773
43.4709206
-80.5377944
43.4708959
-80.5378483
43.4708013
-80.5381149
43.4709543
-80.5381631
43.4709563
-80.5381993
43.4709671
-80.5382315
43.4709855
-80.5385909
43.4711841
-80.5390388
43.4714507
-80.539452
43.4716861
-80.5397738
43.471912
-80.5399846
43.4720515
-80.5403589
43.4723373
-80.5405562
43.4725066
-80.5406681
43.4725772
-80.5407459
43.4726395
-80.5410168
43.4728945
-80.5413279
43.4732001
-80.5416525
43.4735651
-80.5417631
43.4736942
-80.5420093
43.4739655
-80.5422225
43.4742485
-80.5424769
43.4746604
-80.5424824
43.4746691
-80.5427132
43.4750854
-80.5430285
43.4757649
-80.5432579
43.4756865
-80.5459309
43.4747215
-80.5460474
43.474677
-80.5466643
43.4744609
-80.5511594
43.4728482
-80.5511772
43.4728418
-80.5552792
43.4713702
-80.5576035
43.4705362
-80.557652
43.4704773
-80.5576374
43.4704192
-80.5568665
43.4699796
-80.5558866
43.4695295
-80.5550727
43.4692593
-80.5545988
43.4691424
-80.5542718
43.4690942
-80.5540662
43.4690638
-80.5535556
43.4690526
-80.5530457
43.4690836
-80.5520611
43.4692391
-80.5517995
43.4692804
-80.5515678
43.4693375
-80.5513859
43.4693106
-80.550826
43.46932
-80.5505938
43.4693103
-80.5502802
43.4692757
-80.5499766
43.469241
-80.5497601
43.4691978
-80.5493521
43.4690628
-80.5490445
43.4689497
-80.5485289
43.4686393
-80.5480297
43.4681666
-80.5466804
43.4668113
0
0
-80.5459871
43.4750086
-80.5454537
43.4752048
-80.5446115
43.4755082
-80.5438749
43.4757632
-80.5431713
43.4759918
-80.5432391
43.4762233
-80.5433491
43.4761853
-80.5434738
43.4764773
-80.5433866
43.4764977
-80.5436356
43.4770505
-80.5444373
43.4786827
-80.5447515
43.4793228
-80.5450224
43.4799553
-80.545178
43.4805489
-80.5452826
43.48109
-80.5453393
43.4816418
-80.5453661
43.4818715
-80.5453654
43.481993
-80.5453634
43.4823366
-80.5453389
43.482787
-80.5450201
43.4842497
-80.5447092
43.4854468
-80.5455835
43.4855438
-80.5465215
43.485512
-80.547107
43.4853924
-80.5465054
43.4845013
-80.5468739
43.483568
-80.5488721
43.482512
-80.549414
43.4822257
-80.5495645
43.4823627
-80.5512281
43.4838752
-80.5542225
43.4828679
-80.5550765
43.482743
-80.5553121
43.4827374
-80.5558221
43.4827815
-80.5567689
43.4830111
-80.5616522
43.4843314
-80.5627523
43.4842626
-80.5629155
43.4842524
-80.5649128
43.4834085
-80.5647839
43.4832561
-80.563718
43.4819949
-80.5622488
43.4796531
-80.5620231
43.4791828
-80.5619054
43.4785057
-80.5621206
43.4772696
-80.5623424
43.4761639
-80.5624756
43.4750044
-80.5624301
43.4744838
-80.5623688
43.4742011
-80.5620998
43.4737055
-80.5617494
43.4732355
-80.5615724
43.4731071
-80.5607699
43.4725072
-80.5597329
43.4718188
-80.5596397
43.4717529
-80.5580448
43.4706898
-80.5559678
43.4714575
-80.5557095
43.4715529
-80.5515346
43.4730213
-80.5505806
43.4733652
-80.5504363
43.4734175
-80.5468141
43.4747139
-80.5459871
43.4750086
0
0
-80.5399816
43.4768139
-80.540032
43.4768187
-80.5400805
43.4768107
-80.5404902
43.476658
-80.5427456
43.4758544
-80.5423034
43.4748891
-80.5420647
43.4744852
-80.5416942
43.4739587
-80.5416915
43.4739158
-80.5415631
43.473761
-80.541458
43.4736585
-80.5414165
43.4736088
-80.5410919
43.4732628
-80.5409551
43.4731242
-80.5408545
43.47302
-80.5405169
43.4727049
-80.5404616
43.4726531
-80.5403864
43.472585
-80.5398109
43.47214
-80.5389949
43.4724714
-80.5372414
43.4731833
-80.538528
43.4749292
-80.5386174
43.475047
-80.5399087
43.4767494
-80.5399432
43.4767955
-80.5399816
43.4768139
0
0
-80.5008344
43.4523971
-80.5000978
43.4522647
-80.4988876
43.4518867
-80.4987702
43.4520104
-80.498627
43.4522153
-80.4983848
43.4526567
-80.4983832
43.4527257
-80.4984037
43.4527851
-80.4984565
43.452841
-80.499428
43.4531239
-80.4999093
43.4532886
-80.5004167
43.4531338
-80.5008344
43.4523971
0
0
-80.316891
43.3576998
-80.3166578
43.3576942
-80.3166474
43.357925
-80.3165396
43.3579224
-80.3165331
43.3580657
-80.3164956
43.3580648
-80.3164905
43.3581808
-80.3163922
43.3581786
-80.3163763
43.358529
-80.3168534
43.3585405
-80.3168596
43.3584034
-80.3165541
43.3583962
-80.3165576
43.3583199
-80.3168626
43.3583271
-80.316891
43.3576998
0
0